[Variables]
ercf_calib_0 = 1.0
ercf_calib_1 = 0.981739336886
ercf_calib_2 = 0.977108490957
ercf_calib_3 = 0.988768496816
ercf_calib_4 = 0.979418440108
ercf_calib_5 = 1.00556796157
ercf_calib_ref = 516.589668

